Victor rep s lf dif 5.598180041475765 6.191085493374438 5.152498673099708 6.388967840968755 7.103014347142938 6.483239567643574 6.828284066041404 6.489797917786456 6.85783877723297 8.440847072258185 8.263516751090123 5.785516727159474 NaN NaN NaN NaN NaN NaN NaN NaN
Victor rep s gf dif 2.933188283381903 2.5652938989274388 3.0563012034824397 3.3332330426914765 4.139678386565487 3.4759354104811853 4.65084614725359 3.6183852810930635 3.424821705116782 3.7773000499743197 4.690734574741077 2.8259247339223883 
Victor rep a lf id 4.3897193596955555 4.274180294605022 2.7823563913834937 4.019631937923568 3.345368829683577 4.196871924915449 3.7941972114085614 3.525595694423324 3.0414140480199476 3.527997554887446 3.9379841056498077 3.7600227746244856
Victor rep a gf id 7.324955115529185 4.487285295587028 4.514959929917451 3.6855008108533696 3.499851066363124 3.3519895723538444 3.5999678067048837 3.033347131914467 3.1153160910368323 2.9508131044995514 4.795397655902691 3.5420341693982564 
Victor rep a lf dif 7.67449927150996 7.880130490520586 6.334122523303139 7.301110222063347 7.72674619043994 8.05999978597387 6.613019260367743 6.963149725023593 4.718287296964924 7.670312871264761 7.02423015431309 6.762574620998038 
Victor rep a gf dif 8.694547797391337 7.4112530676052755 7.886935263466682 6.938961069546356 14.74291739350005 8.65372675935677 10.268442000857597 7.644285986782454 12.92521090267458 10.895870275852316 14.796240046111949 6.940807614113583 
Victor rep s lf id 4.902318224068881 4.236383911077299 5.636082225935799 4.906490958100711 6.319520356452506 4.961160172671315 5.659045026102084 4.649017437545679 5.6756376527746735 5.486465408484117 5.940812862668846 6.574614005545929
Victor rep s gf id 3.039930241981761 2.1201024527969388 3.4335507562461736 2.8352212097071825 3.4750696800823326 2.7382661590217032 3.1985263110262987 2.4289243463853083 3.9623264956347075 2.9266287937199924 5.775286600355343 4.198331126795329 
Victor rep a lf id 8.19088810825158 6.220034230273432 8.747574120986137 6.749432512142257 6.9430950672789455 6.00981425560527 6.308721777529129 6.003713709890347 6.414451184504924 5.6018242678574355 6.741019838094954 6.178155916589973 
Victor rep a gf id 11.183128398707945 7.896125514497882 11.847834448602782 7.354276287153181 7.768204310005003 6.592265588107124 7.065804281582201 7.194531987162492 9.105595451418763 7.477610335119265 7.20080839969722 7.55368959522503 
Victor rep s lf dif 6.5306871081591344 6.473318191879369 5.097170033635511 6.914696792878231 5.710600011140123 6.179421687593135 6.498374435782096 6.014157308776266 7.397411154116146 6.02552290509086 6.699214985307156 5.240085007489915 
Victor rep s gf dif 3.5702967963540346 2.6514005552055613 2.4958566892272045 2.587580320725733 2.9194543831619995 2.3257738045387146 3.5755427534568165 2.2252138782916067 3.644364946321496 2.206349701993677 3.806363302524546 1.9237701281401578 
Victor rep s lf id 6.160002735870028 5.875484026783646 7.153590377514295 6.855759752781312 8.792323053570376 6.978117646175731 9.647337568765236 6.050737119181817 7.35708728554791 6.087078537172688 7.567633255501957 6.3360001087520885 
Victor rep s gf id 5.188041756026751 2.4988004847434473 6.177348520417174 4.42248603219113 7.848242441347648 4.2177643554612505 11.78213296166824 3.839142290262151 7.04133819654903 3.3218383548256734 7.721231046028707 3.434511341711033 
Victor rep a lf dif 7.91852953642533 5.364871276555163 5.679040402086423 4.86667638870706 5.909920615203904 5.097487033927719 6.0285598064399455 5.411462040905343 5.779650410098112 5.77511067126265 6.633241069904207 6.1356462289837825 
Victor rep a gf dif 12.597661906407373 7.383417987553833 9.961190687862723 7.063583461426337 10.511087050072208 7.561816134865364 10.49435156196285 8.583223181547828 8.843496577837884 6.519205931150837 8.117060530035817 6.0677852300117845 
Victor entr a lf dif 4.541455766739335 4.066593470556277 3.3102126302471055 3.1556023748267057 3.729310961381416 2.2589932272891664 5.559330858474274 4.897481065409459 4.639752904227695 5.034005789482278 4.123362809523246 4.3903083876694655 4.73451062745872 4.638285517406768 4.546752283175262 4.818599932046472
Victor entr a gf dif 5.3399427943475795 2.1184756918489684 2.0973206787185514 1.4199636029130036 1.9204963717951333 0.9303705282321415 5.240591608928538 3.995043056206168 4.858534009817291 5.2489417093776725 6.18504784434976 3.7331616157038123 5.090839342076738 4.586848818670575 6.103672444746268 8.006839225691632
Victor entr a lf id 7.343912581318901 4.362425274501734 4.650676428869695 5.214892977341277 5.120497055089713 5.050677313675197 5.031329499143225 5.259288589809308 4.313420955876808 4.884855315329881 4.851429129493302 5.058682466562603 4.663748566878679 4.691908222833259 4.863853030331052 4.879159960188688
Victor entr a gf id 10.41693187047162 6.94943454396215 8.798648171667933 6.80829123684427 10.721414562818902 7.590384886305553 9.264441413803286 9.555138273785643 7.861377609242649 7.602725186576023 8.887557383711 7.433773221607555 9.279067989506565 7.684881490523601 8.068447213843829 7.47019531082594
Victor entr s lf dif 4.512895671743622 4.939268465700894 4.7659573388624 5.257900430502222 4.877561000979092 4.71784000135715 4.8158493318729665 4.720656044353144 4.969450622048914 5.125770958632948 4.909608083799828 4.837964234745319 4.887460715177283 4.836806842623045 4.691881540860028 4.913219400389804
Victor entr s gf dif 2.6986962303326476 1.7406699890599997 2.491562111719667 2.512476489449256 3.468030754533352 2.5238879167248793 3.357644035926563 3.1131995135200032 4.631060396318521 2.9656934507605097 4.832218636233481 1.9917089958868692 3.958878774158697 2.5847831579985314 3.9661007905302155 2.744251514756633
Victor entr s lf id 4.243884849653177 5.119715234997353 4.7897730919376045 4.9104525886412596 4.849600302638481 4.914292948040759 4.781145123731823 4.829108909205512 4.921980871157528 4.851056456729621 4.876790312519319 5.09254852039218 4.971455727403885 4.680525800684405 5.196042610325727 5.123719780449712
Victor entr s gf id 3.3872192965852705 1.7003141049869006 2.7837383064017622 1.527207557435239 2.6867402309363695 2.050338998599166 3.0302905767373804 1.890918956841302 2.817508920358751 2.073676724016376 2.49522503808187 2.0840117897975143 2.9029202726713654 1.7203492865706282 3.0323635515774034 1.8232099178854986
Victor entr a lf id 4.933505582980355 4.735431561063181 5.0855302825480555 4.875085029356143 4.724525051943021 4.929338660431365 4.8762920769777365 5.141853331875726 5.279816758712036 5.096959923259233 5.098990078722698 5.284332615808867 4.799022274339551 5.519618540794624 4.709448779682695 4.813038398068423
Victor entr a gf id 7.851518924693601 5.32718090634633 7.384015638395482 6.048223810679219 8.850144797783715 7.022390226836312 10.766837435977667 7.058134981571363 11.740835365528437 9.62291978413588 11.485438082216357 8.02688808411267 10.06388480789153 8.547899136045444 9.84274672152029 6.298046372861478
Victor entr a lf dif 5.111605290717231 4.938172483866203 5.0668426127928905 5.276332869639549 5.031688720838903 4.939139973742019 5.144045086675773 5.321698094751919 5.006334958147164 5.170108325455724 4.824676761576594 4.975548773423665 4.883591199856609 5.159408382064952 5.036913374126376 5.0410907348401155
Victor entr a gf dif 6.876487457012427 4.401411347294758 8.091075928466976 6.941415133098085 11.005034484529418 5.720922045446982 8.887982771531918 5.309932572738623 7.512948985251614 5.279776048673201 8.00481674821283 6.11608500194162 9.6273147219584 5.001113736625849 10.06700764655643 4.196996885473352
Victor entr s lf id 4.946977240067673 5.033202808043535 4.747405815596501 4.901637792245783 4.744866131973189 5.062050599652153 4.841085797249318 4.844539690256164 5.098000689525528 5.101552917151418 4.9957725074730215 4.899919268458629 4.745462890148682 4.7276270235811 4.8768817301364376 4.750132491593921
Victor entr s gf id 3.294201263216171 1.9794751243874102 3.0132845866194895 2.018010210401373 3.1253490879715975 2.4103659293838797 3.4781132591072 2.3390312521185397 3.735959246743517 2.5813595517716483 5.037095359375021 2.8036520374880785 3.3770848381340746 2.5412951966963955 3.45337572286284 2.268937151995048
Victor entr s lf dif 5.22294245584568 4.793636958500476 5.236926039674653 4.944820687538117 4.934666633086471 4.916086475772564 4.848386444452958 5.0582570351705165 4.961871691408742 4.926804824800771 4.753307893758091 5.332815568717102 5.0437899284967616 5.079784853014367 5.0836028640218505 5.373631872300314
Victor entr s gf dif 4.923376390758327 2.075610727918187 6.057900621480585 2.902912931789174 4.180836760925524 2.643437067133597 3.65911108261599 2.6274549569980032 3.6016948379233464 2.27126819824195 4.488351761223331 2.4200400192033364 4.820829567154317 2.097816411125201 5.159146047406241 2.551737259064258
Lise rep a lf id 5.501937432606503 6.4908738606215985 4.67325228743922 3.442656727328382 4.129556193988777 4.644761629258961 3.3500812730735676 3.6713391647844804 3.0894297207167574 3.7922195562634404 3.375942159652938 3.7488572402518945
Lise rep a gf id 5.117559148574634 6.601622670893575 5.9216919266498085 2.7066874451373195 4.7426885412881035 3.8233190969999535 3.4637220834828875 2.8238104698318547 2.799028703489691 4.506482844290912 4.140719582652731 6.81964357579109
Lise rep s lf id 6.746235385790608 8.800175957863761 6.2985579076819045 9.055443535711525 6.620565746291991 9.029639279178879 7.5480592707591745 9.603578366062889 8.511243079681496 8.727059642818295 7.956487474981599 8.612161064641315
Lise rep s gf id 4.224973418972989 5.791173693552868 4.766107278800651 7.170040619097396 5.226433155537327 6.917115668081015 6.785435985879882 9.027161431956053 6.36956231834781 8.378042837763283 7.7051983344678465 9.091712032312453
Lise rep s lf dif 3.7508935755885595 5.006757702662406 4.05340065814005 4.9869166178712 6.059030248314127 7.25264638713899 5.6071580653186 8.477985508372267 6.229780523801495 7.102332098329647 5.9830174536892935 5.7497360545222325
Lise rep s gf dif 2.6401241459773956 2.6810721814668375 3.1830333736044216 2.8902078371400717 3.705520773217927 4.389857653838268 3.594352406170454 5.334214543723054 3.260732470050621 4.6075995979910145 3.4841601014214207 3.9796348813565006
Lise rep a lf dif 2.7258558211117463 2.8551471614408763 2.889330944440517 3.223474494802443 4.367265962631786 3.987293095532176 4.676350522602554 4.540396637909972 4.837373407856672 4.151963143731871 3.994487141812677 3.9471189889183123
Lise rep a gf dif 2.274619866272423 2.291702166196858 2.8470779123715233 2.87957343511229 4.2367116149679305 3.388318053450762 4.5269906646436375 3.9993452576759805 5.108144663811494 3.205753287825224 3.5101911419218634 2.844988620483016
Lise rep s lf dif 2.1731746746080334 3.8487077653216195 4.540913071254429 6.864282546275025 4.661554558564765 8.242403182375378 6.27897892452759 6.531079489438067 4.791636798428447 5.970836080055552 5.532919895662642 5.8106025727750765
Lise rep s gf dif 1.0989821118332692 1.767868780719968 2.813594959670382 3.5333547959213445 2.8753549134822824 4.828895437529307 4.3770025786011555 3.8920201604989035 2.7804331250631327 3.345532377379555 3.025841977496076 3.396714617068812
Lise rep a lf id 4.199304678823449 5.351499084370199 5.471727934025277 7.443046116911399 5.815718536238865 5.691735881226819 6.384036463734062 6.340465212786381 5.894897986541318 6.201384485558891 4.677164330865481 5.569251348403555
Lise rep a gf id 4.008416583934805 5.412415466782552 5.382524690665409 7.1966137607805525 6.629564333549843 6.888990154052182 5.8893926469059705 6.135943098342092 5.568452955138377 4.80960713136718 4.395259131234405 4.590918156929691
Lise rep a lf dif 3.524673150703049 4.579966121578896 5.035471853355922 4.377324718159914 5.560421382632446 4.881028550186989 4.882236515444401 4.327279816733624 4.805294003903455 4.077913800967393 5.516523307156852 5.198400549270426
Lise rep a gf dif 4.399036644263967 4.694021463554269 6.406394557542377 4.753460138263905 5.715167981170875 5.303573719315094 4.7134242821110846 4.549654785247525 4.290047137503725 4.001845189158418 4.836283124980658 4.76878814940869
Lise rep s lf id 5.0631557447603335 8.327663289403151 7.131364796635619 7.584375157957292 8.545847112930543 8.318016500215721 7.19499154862936 8.0473495802439 7.95771140233387 8.18475191718119 8.52981453988578 6.914461704347267
Lise rep s gf id 3.6431811571334065 5.739889413552452 5.433313398548514 4.715395159775985 5.385040294439038 5.625600806115602 4.797860863440214 5.104692715716091 5.052644565993527 5.389038376009103 6.034036068518436 4.752847263633745
Lise entr a lf id NaN 4.775026106983442 5.388980444157689 4.535378452642135 3.966227425934484 4.337673070046172 4.087179309402502 4.9554263096386135 3.86636167758003 4.529153172089614 4.579629191473401 4.595287812776114 3.596644121329293 4.2734708760516815 4.664363648797995 4.942139899287753
Lise entr a gf id NaN 5.040565459353111 6.202474604167184 4.066974846419619 3.784127318198113 4.179053682814774 4.1031252737973025 4.305193797199231 4.586558888309357 4.885248461446407 5.6035540315133705 5.693833771474264 3.631058792869985 4.862699767826121 4.388992603022241 4.220366184789627
Lise entr s lf id 5.7786656298927035 4.639139813401503 4.0594243260982825 NaN 4.237403428475473 4.453415087062428 4.185041738413801 4.56289234171867 4.571176377156178 4.792985844699469 4.401458941123826 4.995008151271478 4.236894374646264 5.400236784388199 4.481228906863376 5.313759990263129
Lise entr s gf id 3.0724084113433654 2.636309298235245 2.6241794418368474 NaN 2.8728635186311053 2.8182302111186406 3.019983777564337 2.6624065421214396 2.6836182572441514 2.653615617721562 3.413941536978816 2.3701102249411123 2.492594278908089 3.4174720428398273 3.166245912224093 2.752646818836083
Lise entr a lf dif 4.0141578190719205 4.917615307888083 4.346834668797964 4.161569141618389 4.359955813410819 4.943851073086403 4.623362400274107 5.1467326467102925 5.048504746568462 5.42155683656375 4.856915878955458 5.403890479871891 4.9278654699041535 4.06922976621095 4.750749075318437 5.122744888702497
Lise entr a gf dif 5.433091719650442 4.521230050877726 4.157855990861903 3.6735600066057437 4.249425626382315 4.718096996732354 4.530551666372604 4.7414626260873725 5.1319606386783905 4.91734620081064 4.952197878571512 4.778687178859455 5.59495326487371 4.482665972751152 5.800252544070387 5.249840931284325
Lise entr s lf dif 4.266220506039519 4.143654028083044 4.282640214853324 4.160692898202931 4.717156111690187 4.832078142694384 5.072275667408805 4.828984846285087 4.6800432367904286 4.786833289490915 4.649974157475214 5.08229853691921 4.6161522751489725 5.261112296338807 5.033611763766384 4.551867459404945
Lise entr s gf dif 2.0917932618610062 2.0983275849956584 2.533529975548415 2.203726506210904 2.868019243219504 2.841781873645378 2.8105614452546597 3.0394305120888907 2.7188557884229665 3.1466390476077883 3.041059939049748 3.1100487240532853 2.9459419884583253 3.284579791647304 3.1073037666108556 3.5568518703024816
Lise entr a lf dif 4.335993399035159 4.6588704255102575 4.4594566987110325 4.9859805452236365 4.605228046974444 4.5169935565126105 4.64693500428543 4.51035829900307 5.0025947516147085 5.172119272089898 5.012035165071516 5.29645049718287 5.222518067848137 4.719528802724045 4.671029957146691 5.097071276124712
Lise entr a gf dif 4.150298240347947 3.745706538496818 4.22645887086496 5.067196759985036 4.471693129618386 5.886609452660969 4.6733885528890555 6.336108898363766 4.2478117106525195 5.795048428046796 5.462340876260914 7.092016856378253 5.68082305325878 5.719534457709029 4.662301457248722 5.5731729535329055
Lise entr a lf id 4.759908355549439 4.344003764482887 5.122082777870591 5.1289989677438665 4.972508125349274 4.973352842593764 5.086775867360572 4.625490568287572 5.104149627147038 4.888356352909149 5.263414627336789 4.864582087069692 5.272516651636031 5.21060006850278 4.920804965743798 4.9262746042274586
Lise entr a gf id 4.803791524684045 3.727049969522898 4.805319375983615 4.647094297713679 4.516668034952353 4.413565684967761 4.582777829871328 3.978406756021639 4.699023314836463 5.299943251179857 5.4122143155278435 5.600785476110926 4.493496494744053 5.086511019623436 4.792459419106295 3.824925454107058
Lise entr s lf dif 4.619053786580458 5.145531814980903 4.903604708548933 5.286786750679741 4.832429777525267 5.027010322351189 4.842919336768953 4.873977963013922 4.280970028569281 5.119022976339743 4.6604049312858375 4.373335116434843 4.699590365948164 4.665233323906924 4.82490106718683 5.391590991894014
Lise entr s gf dif 2.7945924962966364 3.3789588085978344 2.9845969239948484 3.5771766674981293 2.8492651011849173 2.922849580601948 2.9028419879589604 2.9132604523599093 2.658398448343616 3.5570766172467394 3.034947860473688 2.4541822428654463 2.94356738251093 2.63658161666474 3.1655498524291876 3.290260003591228
Lise entr s lf id 4.563740000581611 5.244964562445817 5.014122656416869 4.4584588567653 4.730158872300266 4.92503584300042 5.179898842415307 4.43178664408222 4.907145170800602 4.888264050480926 5.019446299773681 5.588455744168202 5.08719481944689 5.229556737935532 4.9394836365036765 4.987949060286233
Lise entr s gf id 3.1203510121140825 3.206064134916159 3.0133878727362062 2.538402391596508 3.2527253427607383 2.6975444158148143 3.391869801915781 4.356122346634485 4.326811555681276 6.1010093568167605 4.114403372701273 5.796011459268998 4.462253263626335 3.575454648088179 4.415348978885808 4.612939308394283
Hugo rep s lf id 5.791921480188998 5.015301772876302 5.20861706568944 4.547525185441369 6.2745257934338055 4.967376469218529 6.308124350178654 6.298628802867971 7.11413666855367 5.288680857422752 6.011496830870934 6.321729041943047 6.496066618163534 5.618245550535571 6.561336712241402 5.046084790347033
Hugo rep s gf id 7.601668268680616 7.07427501207644 10.207843175475231 7.356166125194151 10.31994810829361 7.315271617540196 9.932737385398324 9.158381807776209 10.534170813791036 6.846661277071649 8.249094823715703 8.57648702110423 9.850807360189425 8.962271076240723 9.688563491775918 6.153772656795214
Hugo rep a lf dif 8.907545516766158 8.802828527798058 9.863437463169932 10.697105206798495 8.879009576123766 9.55110876277526 8.927986642831712 11.05390534108698 8.584239244364063 10.843950220531159 9.270758581210679 11.461612509042478 9.862189182756437 12.01449209730434 10.421203152870147 10.226294763990559
Hugo rep a gf dif 13.020783884562558 13.037613271542508 14.683694513549378 14.867363496197243 12.858002767011087 12.179495573035902 12.319690157856494 13.14238635465129 12.56599304206822 12.246877370151806 12.327903035862116 14.448413170886901 12.912224825318866 15.305198447905532 14.577404722640981 11.904957062798402
Hugo rep s lf dif 5.760078828742129 7.631017705352496 6.41973626522206 7.468298120076889 6.008807883908217 6.695991758528449 5.508861213708656 5.727111204019661 3.4885745203794616 6.240792745827443 5.151820902100644 6.319227755914266 5.625610284659934 7.076636739804353 5.080892150560217 7.502374446611717
Hugo rep s gf dif 4.4683602375537 6.687938848237219 5.31303935107959 7.532664799777952 5.250104947764855 6.545224094862161 4.498776572534822 5.002047347288337 3.525683883196486 6.461366404652169 4.8844952741456105 6.64908532377128 4.855137918703797 7.2573175441568845 4.824389566300803 7.7528880909706634
Hugo rep a lf id 4.845872160796234 5.6637401515616475 4.154944438934278 4.885936974363051 3.9701201936489183 4.431366254229469 4.488864835443668 4.849659188836605 3.9344384306094717 4.47899707336298 5.429652456246889 6.539375835610451 4.526288575174628 6.911244373331679 4.669340830421148 6.0047095502063605
Hugo rep a gf id 5.519277297894253 5.7717623736150445 5.522993218636357 4.722531935049022 4.4276164338298445 4.458975766452796 4.996056678469436 4.600880684262353 4.77771093950239 4.291733019737683 6.691602853075971 6.0471763420428895 5.382141830914965 6.948374242393958 5.577847756718772 6.2716611150037815
Hugo rep a lf dif 3.754875091249276 5.164169078814437 4.039352966962721 5.151666657227099 3.367979632679141 4.8880584377104315 4.078452960837509 4.375886448337292 3.472886810130285 3.9079933697394487 3.908358212977453 4.797640776368734 3.5423747550748423 4.255447992893727 3.87579130684778 4.1920496639951335
Hugo rep a gf dif 4.109673017824138 4.5018917591132706 4.946032321692893 4.544930892861564 3.9852176027479245 4.37433451025137 4.54861110140843 4.082076584216501 4.1211475980023335 4.284756364422236 4.423269136724723 4.7468907303664984 4.20946174870277 4.63043750338891 4.215561618654734 3.477913748291707
Hugo rep a lf id 4.235077914056796 5.683880881818463 3.8798479852210153 5.610921445981724 4.317991024017622 5.597993273110492 3.86137568698109 6.218955781010852 3.855093705746921 6.437282503061821 4.297550242061533 5.926867535692641 4.458838671452238 5.597525797283132 3.9952497228789166 5.898712582310616
Hugo rep a gf id 4.040314011552004 5.0323085049311125 4.400516658933329 5.296954519458275 5.5804419369127105 5.227045102349727 4.9831449746755325 5.5181126083039 4.859724057177628 5.557325432990904 4.77105502511865 4.816876052539661 4.501848456859738 4.961461432341279 5.072685841769945 4.4885450142341705
Hugo rep s lf id 5.572833553177439 5.705308939282069 5.148949881445371 6.562109739263834 4.854600755463442 5.736847197269077 3.2927312862057856 4.960460526438181 3.888136568971208 5.172801879597685 4.338600416041751 5.50556637762333 4.317799840678522 6.085453797023661 4.417000243476464 4.928901929734278
Hugo rep s gf id 5.1037725400045195 4.921474920899805 5.533596771200436 6.4043637085019505 5.002457998310046 5.0104813607823715 3.6630577865557052 3.791949779798969 3.9301924660787915 4.072016256043873 5.037961989819904 3.910133247108342 4.867324322502385 4.822816729118912 4.6038679130152875 4.415626510718247
Hugo rep s lf dif 4.764072420701322 5.243595770993566 4.787801200642581 5.807405596637583 4.943638483805229 5.442486276370616 4.488625924754746 5.8220640002961765 5.541435867502109 5.014919080769816 6.7825730137179026 5.153113485204507 7.170044110965866 5.633338155859755 1.9742994172975532 5.665131088339685
Hugo rep s gf dif 5.090951719074045 4.1058808210692765 5.141140718490616 5.143761929987061 4.676198227437577 4.988727229688334 4.21995612431735 6.276881198445722 5.670124398841984 5.124686707038071 5.170642460671905 6.884507039440721 5.105541613682267 6.409122942130278 5.258809748600296 4.9895300315348345
Hugo entr s lf id NaN NaN NaN NaN NaN 5.4352495968028265 5.338109932701912 4.844489997422711 4.5554293680669895 4.812902000461033 4.882734106176775 4.643423628538883 4.733526609322422 4.244169330922308 4.869141539649339 5.044345643254042 4.861247682689139 4.9824858945046655 4.861137378122105
Hugo entr s gf id NaN NaN NaN NaN NaN NaN 7.103524958226071 5.676423782256961 6.264036122122048 4.624589220822602 6.10470529943524 5.2083619987954455 6.212319306064175 4.153793076401345 6.03703138392202 5.1593275846507 6.005560210384517 5.373042117727929 5.682299582909078 4.808640286797324
Hugo entr s lf dif 5.035043215946452 4.088155882023986 4.556392407786184 4.759541463308479 4.7905034799802415 4.917782953946807 4.845193371965914 5.067780408197142 4.860977722075718 5.345164585580321 4.734982354161123 5.164194606136111 4.344463996498981 4.7051936122294356 4.779599635615205 4.758036313276063 4.76957683713983 4.578947432321775 4.988276498773782 4.9336630080024975
Hugo entr s gf dif 6.209743139307349 6.43299588961933 6.176839215174707 7.637414610503153 6.953143120579709 7.825581124242639 6.567151617218896 8.010239505011803 7.160845377462873 7.906007794795402 7.154959395498424 7.162107419335482 7.278558403892941 8.57813025356093 7.806850857861974 7.3667244774221 7.5370187909559325 7.205056879641406 7.097106307467796 6.799400365203335
Hugo entr a lf dif 4.250857082357106 4.896739576315228 4.979782169827958 5.007174665747125 5.108971196835259 5.68132468942771 4.596903098801561 5.297837524966395 4.74910203260964 4.958100166399083 5.069983823219819 4.854073533138536 5.117276510102734 5.188166740510469 4.548249432115106 5.04166572479959 4.973613351998225 4.710120865569825 4.69499033541524 4.8169932649984455
Hugo entr a gf dif 6.551098220992298 5.754274615201837 6.503449310390286 5.544377800547596 6.288326771935563 6.5550493638156535 5.233664030173889 5.476137451000953 5.554458458896578 5.02671759357227 6.024637794834755 4.985078978466758 5.579804738708041 5.117531510219655 5.262235459807052 4.4483575535491715 5.974576301917806 3.8368146999163164 4.939866408672848 4.190232931505259
Hugo entr a lf id NaN 4.786386008155966 4.5078123900004226 4.941898728663545 4.003969004064863 4.581237023263029 4.551899172543698 4.725156641466731 4.380601207623526 4.861532049733955 4.49180557788602 5.049817706220903 4.865445832455271 5.183726836738224 4.90631705559897 4.247380116994987 4.5268450012947525 5.02491939167748 4.977558173907541 5.107010253740942
Hugo entr a gf id NaN 5.453153239341125 6.0410851555106 5.248188719945268 5.071639498925767 3.97492621912302 6.364818748113128 4.360391318811356 5.703532762005877 4.679645542938956 5.125735347693957 5.3620478282978725 6.252210116356179 5.1585511064770975 5.970647898453411 4.329250161105959 5.986766964349966 4.64543479737987 6.321635129839584 5.0158799117825374
Hugo entr s lf dif 4.392388398105123 4.976783174522147 4.702064209700052 4.857001803846516 4.8145400330250965 5.364367989600757 4.957181433914304 4.190777033244548 3.9805247999265236 4.904490842515526 4.660246739674493 5.352502389343566 4.444395970884625 4.922024632207154 4.439056060333341 4.594858454460448 4.6014802874826755 4.914806288747979 4.631208393234181 4.843200624424588
Hugo entr s gf dif 3.191002391286265 3.8742199162508713 3.7771186878235605 3.786104046626354 4.252416420031442 4.574117017548796 4.4663709713870325 3.5440494783822576 3.501610804394776 4.02675165042335 3.7074609092083537 3.7798717242256403 3.968039337115604 3.2575134096006755 4.3648209514847975 2.5844798940355735 3.9285397398809883 3.2407428587263465 3.9980312352146017 3.1291639911732974
Hugo entr a lf id 3.7922604141384637 4.670855699509472 4.527691098524102 4.7269626558732245 4.666720523218119 5.274442622652616 4.7480910467927995 4.695493068252227 4.549290115701057 5.003454110707601 4.572206698199392 4.862292557662398 4.137439890581748 4.551424296523373 4.584061840201437 4.815542527184034 4.597363839560602 4.719398846183436 4.699202531718566 4.936501444602919
Hugo entr a gf id 4.5998467373355165 4.600479150499362 5.152027380001447 4.6590411719106255 6.0158829522239285 5.315556852264801 5.854751635261107 4.387293765273968 5.491717275863503 4.663978138061927 5.178670729951633 4.17163532750025 4.941934685620431 3.3651501775491712 5.438388019017268 4.287639618798839 5.181998137594127 4.0171982176907255 5.363634403744482 4.349606710233054
Hugo entr s lf id 3.217320529809638 5.222276491533343 4.940541187729777 4.880737092453101 4.650474262152869 4.832511093815021 4.820411528172468 5.330226649315901 4.707254045009229 4.866888342375568 4.332307743876172 4.96143797299147 4.88554455870076 4.744491524755397 4.821010125526209 4.845393602676002 4.267617325993123 5.083462372306504 4.791559285716952 4.762922505251641
Hugo entr s gf id 2.906773165071941 4.053828276377941 4.629349864974516 3.52169776615983 4.35962002362233 3.7266377622466047 4.806498421164308 3.9387902228384424 4.1166180999096245 3.6299469805504843 4.044228594295779 3.454674012934346 4.879018056071815 2.9653484212375174 4.875611940362734 3.08628105004377 4.190584525726664 3.9635024227101687 4.955884514733562 4.198315962430573
Hugo entr a lf dif 4.853352752918682 4.952427893279518 4.698360530065381 4.610447687214539 4.599798118355564 5.0591978815813174 4.318350247577901 4.8724941207120445 4.961898697134277 5.074156502161472 4.898038428737473 5.026399176026553 4.770960729092326 5.610854861381831 4.433811458944187 5.152245750411348 5.099211946923447 5.121358598703632 4.51093165214167 4.7620816265791195
Hugo entr a gf dif 6.032408061803262 5.005995072589408 6.202519112145835 3.815836663865551 6.645797791082499 5.58216432484089 6.09822930429656 5.177970713050448 7.176503246060201 4.228523152523338 7.029076535287533 4.9082917497621095 6.289786209665618 5.048130701462703 5.261380189958073 4.854212447530941 6.2790401870503905 4.453271087298407 5.412057306660561 4.708672348024765
Sophie rep a lf dif 6.835647810311116 4.807053060589731 7.9390864130349925 6.145418827136193 8.991899937634471 5.935770007544577 10.856179359296915 7.470500158640716 12.237730320165117 8.674188927433647 12.02788587244105 8.705217354729617
Sophie rep a gf dif 8.515712148973696 8.349284507959721 7.085589237355583 9.498840534429842 8.353447085221328 8.956366882958662 8.00407171194876 10.832979220973131 8.976805051787846 11.63017576916878 9.523633989140302 10.455201548051598
Sophie rep s lf dif 3.313776291011785 3.2123705401496343 4.375233921708874 4.179020523547482 4.000600381986824 5.368014266045583 3.788456757486567 4.115055718978522 4.100081425088972 3.9597735992177014 4.715827299329492 5.386633002179255
Sophie rep s gf dif 1.923902283926168 2.003773510280223 2.3880501472850066 2.1526798443870088 2.3722464492637245 3.1778730957481245 2.248223840224281 2.8104950844776884 3.2776204578347836 2.6597671182112923 3.9342003424872467 4.387151252212272
Sophie rep s lf id 4.064217661198972 4.788713481575864 3.562683720994365 3.4859090722728037 5.3133683690649525 3.2122142147444017 4.86533523983737 5.153134118792629 5.710306352730819 3.7728974157463955 4.719127579474357 3.7074182734029657
Sophie rep s gf id 2.9923196343820413 4.06496631560433 2.242316569425132 2.6701147432980767 3.6820602771458506 2.580600277160003 2.9945500980914 3.823992015170259 3.8429665856504935 2.61271965935524 2.6103064275487573 2.8795243106632746
Sophie rep a lf id 4.878278562527943 4.387367204971479 6.221525734823187 4.242048168718511 5.554551502287236 4.601788151778005 5.912159274997121 3.9267985422623464 5.8626198234659865 4.487992139538224 5.946168707063841 4.452718111749203
Sophie rep a gf id 3.3855599548818587 3.714553197917013 4.012715187723118 4.3538713481950575 3.669923590985799 4.9871115127761865 3.5561514275987967 3.9636140723918616 3.9094446411560626 4.41042934649643 4.06335596554381 4.401682677730111
Sophie rep s lf id 3.368591646371062 3.288165113352684 3.763329004003704 3.847920551312526 4.128116021224385 4.448582087441878 5.432835892062545 4.565014922081039 4.491613233254004 4.426440024875211 4.695983560636307 5.0202645482323875
Sophie rep s gf id 1.8649846530490612 1.9300937218142076 2.183688435529031 1.8452641963010856 2.0738010155360955 2.019769803393733 3.4994949518464407 2.094498675629547 3.3089574866762272 2.561836570047799 3.282432967812811 2.896353817213542
Sophie rep a lf id 4.21470610847601 4.548208913201529 6.807518657891856 5.885657645350765 7.426067239157347 5.941513426807807 6.7390342482532395 6.349588184096144 6.335587124770098 4.773650445453972 3.9733097885063526 3.4613152554162894
Sophie rep a gf id 3.213431010523289 3.6844255723855692 4.358448654220391 4.7478308795480375 4.978007625514092 5.477217565836466 4.848219965896071 4.76486333592962 5.647684641564638 3.8476262077526835 3.5392522507004127 3.4922752265469876
Sophie rep a lf dif 5.8009898302789855 5.000034390536611 6.154329519613161 5.719679380445694 5.873407728497344 5.697299300049225 5.8197627123600055 5.044652979902086 5.340438846899022 5.852954183795497 6.7339506360391095 6.444274763378622
Sophie rep a gf dif 4.7254062705310735 3.8609800620273353 4.230154845334529 4.223210041351634 4.427621275225967 3.834301711681724 4.547185808145562 4.3754533783566085 5.5027455022895655 4.410630184534179 5.567624800491224 4.7203980968087516
Sophie rep s lf dif 4.209914225123636 4.574863992920693 4.872072881387182 4.797342361221377 4.341557073693822 5.412884909344406 4.341885683420461 5.899113191387232 4.804661383566334 4.332321027803057 4.756298483010871 5.438173086957745
Sophie rep s gf dif 2.5529048735603705 2.248777651693572 2.526731322605153 2.233178113119187 3.2163947042455443 2.7199028639235596 3.095750301271989 3.044065061291097 3.337591245757493 2.085300685433312 3.736307140984754 2.78233981436658
Sophie entr s lf dif NaN NaN NaN NaN NaN NaN 4.62330860384971 4.733040740790179 4.429678221815381 4.651543924136868 4.3399396887372435 4.572143608369401 4.636171411239693 4.529359906484526 4.734429463292181 4.682092270241094
Sophie entr s gf dif NaN NaN NaN NaN NaN NaN 3.0868847878307997 3.1303738661332114 3.1619055209799534 3.149280956134602 3.302514294349131 3.2489152676808883 3.3268776316626467 3.6083674605197635 3.7443933437053034 4.033230920501537
Sophie entr a lf dif 5.044411952988295 4.700447377199604 5.522715439647831 4.814310178207936 5.374160058309241 4.852816072661833 4.920239566721929 4.747736023758225 5.118043118625464 4.761835730052736 4.925733596797898 4.552535878024252 5.18347023470974 4.842645900723026 5.009316427208256 4.857146144351229
Sophie entr a gf dif 5.657204156729712 5.621994489779703 4.725785415542953 5.046275619010966 3.9190513549068395 4.899419169356234 3.373982678055839 4.78090815541878 3.1471833313240216 4.704360262528682 3.1439138027894984 4.984330056303225 3.3395803111451245 4.301009617895623 2.454713059886029 4.917066676700806
Sophie entr s lf id 4.833028846049943 4.510984737715894 4.874312303052581 4.649019216260453 5.054334793356385 4.533488640879096 5.046954487222358 4.480189638129793 4.761090105791846 4.92055487174107 4.638487987857954 4.81993970930384 4.996795447570939 4.688819646170071 4.877717122807476 4.562578931003027
Sophie entr s gf id 3.9151312184804508 2.78193680038339 3.6262075287224143 2.720748666428639 3.900648687215286 2.8950473634373752 3.4221981271273654 2.6498550899380455 3.228606698888054 3.017202600353199 3.251727568944472 3.474615782870246 3.2576317524843685 2.8093557713015143 3.121225655918235 2.8709494451725694
Sophie entr a lf id 4.955520909305739 4.7308253301072964 5.315790696325242 4.696744323963226 5.037435934016911 4.8257747422718555 5.42387660212249 4.8423307759432 4.688407533780381 4.7015909659820245 5.084911666274826 4.471741543378453 5.142283958952923 4.697116380585384 5.2111786993265214 4.676486060814714
Sophie entr a gf id 3.6931892494576326 3.69919855763041 3.306012077219755 4.4857047758896575 2.9503871935572614 3.9681444834974515 3.057716227478559 3.7007669801097585 2.6467882353720498 3.4592818628544473 3.224041466676515 3.4848886091058273 2.4253583329012143 3.6690811092044915 2.9369077245815935 3.258816388591557
Sophie entr s lf id 4.26831874970296 4.968306731264091 5.225434604933801 4.914356262962498 4.972374760287595 5.227257496935511 5.329372368154568 4.946341354659839 5.2076758317123355 4.790092379227513 5.098126515932295 4.331334202591928 4.876537098570155 4.5920139070314585 4.898571531894439 4.921233867873077
Sophie entr s gf id 2.906505336396117 2.594617890461123 3.913816960795684 2.496260665870217 3.5373270105113273 2.475969709534883 3.423245630067032 2.5862763685207857 3.2493240314956564 2.2265484929933725 3.200857391365521 2.1800394021340606 2.734226954902517 2.131462637529415 2.8800332588906965 2.251328082917473
Sophie entr a lf id 5.063091885208748 4.740202332632237 5.465394143151312 4.777856680573166 5.585211754162792 4.934696859584999 5.510648982289341 4.969240688767149 5.2829843733716775 5.067491096413142 5.193870071430441 4.879361626577023 5.1800630735779505 4.7758346526831605 5.260294325443287 4.8381926135985776
Sophie entr a gf id 3.2271280171229106 4.206732570596613 3.9991535561046256 4.4400913989767785 4.331254275222068 4.183170893270878 3.9297157062234307 4.501601201815092 3.840580171300639 4.814175792558484 3.564628429876038 4.132600620055496 3.6762046355505666 3.743491892693547 3.4299450893564263 3.6586700999866038
Sophie entr s lf dif 4.105612342962784 4.6072938009938555 4.946997336953074 4.7511776342759395 4.895417815841384 4.748904505483545 4.971358970839806 4.772369745249885 5.175170627999638 4.70265017191794 5.255626049545633 4.757343366451159 5.622644347319002 5.0459121312911295 5.167307442505279 4.806249544312772
Sophie entr s gf dif 2.482789630876704 2.1180070616469573 2.6716533084873575 2.3100808646485866 2.5880290158821047 2.320223166807672 2.5531452457730586 2.4827631185320698 2.5380526086553012 2.4822203818583235 3.0438933542042483 2.3922182497747047 3.291516085623097 2.454268939033407 2.765569778981181 2.3036649353619203
Sophie entr a lf dif 5.051979320159214 4.778961585731763 4.950636522630097 4.919527079849925 5.525245198520255 4.687053266628337 5.366717637911725 4.802320321230138 4.887792258200446 4.919679517464684 5.222669399483924 4.8417505889910935 5.077840795269386 4.93203863078699 5.282180081187384 4.890162593343641
Sophie entr a gf dif 4.017260277735095 3.449451800988649 3.2109579741486516 3.217481283147709 3.131579397496066 3.6059975867000666 3.193362360576524 3.3508279113177695 3.422453868952626 3.296482906703685 3.4189227451711512 3.1402576298131035 3.277486704387443 3.259021802334872 3.0731147548692723 3.736573869667332
