5.598180041475765 6.191085493374438 5.152498673099708 6.388967840968755 7.103014347142938 6.483239567643574 6.828284066041404 6.489797917786456 6.85783877723297 8.440847072258185 8.263516751090123 5.785516727159474
2.933188283381903 2.5652938989274388 3.0563012034824397 3.3332330426914765 4.139678386565487 3.4759354104811853 4.65084614725359 3.6183852810930635 3.424821705116782 3.7773000499743197 4.690734574741077 2.8259247339223883
4.3897193596955555 4.274180294605022 2.7823563913834937 4.019631937923568 3.345368829683577 4.196871924915449 3.7941972114085614 3.525595694423324 3.0414140480199476 3.527997554887446 3.9379841056498077 3.7600227746244856
7.324955115529185 4.487285295587028 4.514959929917451 3.6855008108533696 3.499851066363124 3.3519895723538444 3.5999678067048837 3.033347131914467 3.1153160910368323 2.9508131044995514 4.795397655902691 3.5420341693982564
7.67449927150996 7.880130490520586 6.334122523303139 7.301110222063347 7.72674619043994 8.05999978597387 6.613019260367743 6.963149725023593 4.718287296964924 7.670312871264761 7.02423015431309 6.762574620998038
8.694547797391337 7.4112530676052755 7.886935263466682 6.938961069546356 14.74291739350005 8.65372675935677 10.268442000857597 7.644285986782454 12.92521090267458 10.895870275852316 14.796240046111949 6.940807614113583
4.902318224068881 4.236383911077299 5.636082225935799 4.906490958100711 6.319520356452506 4.961160172671315 5.659045026102084 4.649017437545679 5.6756376527746735 5.486465408484117 5.940812862668846 6.574614005545929
3.039930241981761 2.1201024527969388 3.4335507562461736 2.8352212097071825 3.4750696800823326 2.7382661590217032 3.1985263110262987 2.4289243463853083 3.9623264956347075 2.9266287937199924 5.775286600355343 4.198331126795329
8.19088810825158 6.220034230273432 8.747574120986137 6.749432512142257 6.9430950672789455 6.00981425560527 6.308721777529129 6.003713709890347 6.414451184504924 5.6018242678574355 6.741019838094954 6.178155916589973
11.183128398707945 7.896125514497882 11.847834448602782 7.354276287153181 7.768204310005003 6.592265588107124 7.065804281582201 7.194531987162492 9.105595451418763 7.477610335119265 7.20080839969722 7.55368959522503
6.5306871081591344 6.473318191879369 5.097170033635511 6.914696792878231 5.710600011140123 6.179421687593135 6.498374435782096 6.014157308776266 7.397411154116146 6.02552290509086 6.699214985307156 5.240085007489915
3.5702967963540346 2.6514005552055613 2.4958566892272045 2.587580320725733 2.9194543831619995 2.3257738045387146 3.5755427534568165 2.2252138782916067 3.644364946321496 2.206349701993677 3.806363302524546 1.9237701281401578
6.160002735870028 5.875484026783646 7.153590377514295 6.855759752781312 8.792323053570376 6.978117646175731 9.647337568765236 6.050737119181817 7.35708728554791 6.087078537172688 7.567633255501957 6.3360001087520885
5.188041756026751 2.4988004847434473 6.177348520417174 4.42248603219113 7.848242441347648 4.2177643554612505 11.78213296166824 3.839142290262151 7.04133819654903 3.3218383548256734 7.721231046028707 3.434511341711033
7.91852953642533 5.364871276555163 5.679040402086423 4.86667638870706 5.909920615203904 5.097487033927719 6.0285598064399455 5.411462040905343 5.779650410098112 5.77511067126265 6.633241069904207 6.1356462289837825
12.597661906407373 7.383417987553833 9.961190687862723 7.063583461426337 10.511087050072208 7.561816134865364 10.49435156196285 8.583223181547828 8.843496577837884 6.519205931150837 8.117060530035817 6.0677852300117845
4.541455766739335 4.066593470556277 3.3102126302471055 3.1556023748267057 3.729310961381416 2.2589932272891664 5.559330858474274 4.897481065409459 4.639752904227695 5.034005789482278 4.123362809523246 4.3903083876694655 4.73451062745872 4.638285517406768 4.546752283175262 4.818599932046472
5.3399427943475795 2.1184756918489684 2.0973206787185514 1.4199636029130036 1.9204963717951333 0.9303705282321415 5.240591608928538 3.995043056206168 4.858534009817291 5.2489417093776725 6.18504784434976 3.7331616157038123 5.090839342076738 4.586848818670575 6.103672444746268 8.006839225691632
7.343912581318901 4.362425274501734 4.650676428869695 5.214892977341277 5.120497055089713 5.050677313675197 5.031329499143225 5.259288589809308 4.313420955876808 4.884855315329881 4.851429129493302 5.058682466562603 4.663748566878679 4.691908222833259 4.863853030331052 4.879159960188688
10.41693187047162 6.94943454396215 8.798648171667933 6.80829123684427 10.721414562818902 7.590384886305553 9.264441413803286 9.555138273785643 7.861377609242649 7.602725186576023 8.887557383711 7.433773221607555 9.279067989506565 7.684881490523601 8.068447213843829 7.47019531082594
4.512895671743622 4.939268465700894 4.7659573388624 5.257900430502222 4.877561000979092 4.71784000135715 4.8158493318729665 4.720656044353144 4.969450622048914 5.125770958632948 4.909608083799828 4.837964234745319 4.887460715177283 4.836806842623045 4.691881540860028 4.913219400389804
2.6986962303326476 1.7406699890599997 2.491562111719667 2.512476489449256 3.468030754533352 2.5238879167248793 3.357644035926563 3.1131995135200032 4.631060396318521 2.9656934507605097 4.832218636233481 1.9917089958868692 3.958878774158697 2.5847831579985314 3.9661007905302155 2.744251514756633
4.243884849653177 5.119715234997353 4.7897730919376045 4.9104525886412596 4.849600302638481 4.914292948040759 4.781145123731823 4.829108909205512 4.921980871157528 4.851056456729621 4.876790312519319 5.09254852039218 4.971455727403885 4.680525800684405 5.196042610325727 5.123719780449712
3.3872192965852705 1.7003141049869006 2.7837383064017622 1.527207557435239 2.6867402309363695 2.050338998599166 3.0302905767373804 1.890918956841302 2.817508920358751 2.073676724016376 2.49522503808187 2.0840117897975143 2.9029202726713654 1.7203492865706282 3.0323635515774034 1.8232099178854986
4.933505582980355 4.735431561063181 5.0855302825480555 4.875085029356143 4.724525051943021 4.929338660431365 4.8762920769777365 5.141853331875726 5.279816758712036 5.096959923259233 5.098990078722698 5.284332615808867 4.799022274339551 5.519618540794624 4.709448779682695 4.813038398068423
7.851518924693601 5.32718090634633 7.384015638395482 6.048223810679219 8.850144797783715 7.022390226836312 10.766837435977667 7.058134981571363 11.740835365528437 9.62291978413588 11.485438082216357 8.02688808411267 10.06388480789153 8.547899136045444 9.84274672152029 6.298046372861478
5.111605290717231 4.938172483866203 5.0668426127928905 5.276332869639549 5.031688720838903 4.939139973742019 5.144045086675773 5.321698094751919 5.006334958147164 5.170108325455724 4.824676761576594 4.975548773423665 4.883591199856609 5.159408382064952 5.036913374126376 5.0410907348401155
6.876487457012427 4.401411347294758 8.091075928466976 6.941415133098085 11.005034484529418 5.720922045446982 8.887982771531918 5.309932572738623 7.512948985251614 5.279776048673201 8.00481674821283 6.11608500194162 9.6273147219584 5.001113736625849 10.06700764655643 4.196996885473352
4.946977240067673 5.033202808043535 4.747405815596501 4.901637792245783 4.744866131973189 5.062050599652153 4.841085797249318 4.844539690256164 5.098000689525528 5.101552917151418 4.9957725074730215 4.899919268458629 4.745462890148682 4.7276270235811 4.8768817301364376 4.750132491593921
3.294201263216171 1.9794751243874102 3.0132845866194895 2.018010210401373 3.1253490879715975 2.4103659293838797 3.4781132591072 2.3390312521185397 3.735959246743517 2.5813595517716483 5.037095359375021 2.8036520374880785 3.3770848381340746 2.5412951966963955 3.45337572286284 2.268937151995048
5.22294245584568 4.793636958500476 5.236926039674653 4.944820687538117 4.934666633086471 4.916086475772564 4.848386444452958 5.0582570351705165 4.961871691408742 4.926804824800771 4.753307893758091 5.332815568717102 5.0437899284967616 5.079784853014367 5.0836028640218505 5.373631872300314
4.923376390758327 2.075610727918187 6.057900621480585 2.902912931789174 4.180836760925524 2.643437067133597 3.65911108261599 2.6274549569980032 3.6016948379233464 2.27126819824195 4.488351761223331 2.4200400192033364 4.820829567154317 2.097816411125201 5.159146047406241 2.551737259064258
